start=274.966667
osd-level=3
sub-delay=-0.600000
