start=2744.250000
osd-level=3
video-aspect-override=1.777778
